{
 "cells": [
  {
   "cell_type": "code",
   "execution_count": 1,
   "metadata": {},
   "outputs": [],
   "source": [
    "import numpy as np\n",
    "import scipy.stats\n",
    "import xlrd\n",
    "import pandas as pd\n"
   ]
  },
  {
   "cell_type": "code",
   "execution_count": 2,
   "metadata": {},
   "outputs": [],
   "source": [
    "def JS_divergence(p,q):\n",
    "    M=(p+q)/2\n",
    "    return 0.5*scipy.stats.entropy(p, M)+0.5*scipy.stats.entropy(q, M)"
   ]
  },
  {
   "cell_type": "code",
   "execution_count": 19,
   "metadata": {},
   "outputs": [],
   "source": [
    "data=pd.read_csv(r'./result/doc_topic.csv',header=None)\n",
    "col1=data.loc[0].values\n",
    "col2=data.loc[1].values\n",
    "col3=data.loc[2].values\n",
    "col4=data.loc[3].values\n",
    "col5=data.loc[4].values"
   ]
  },
  {
   "cell_type": "code",
   "execution_count": 22,
   "metadata": {},
   "outputs": [
    {
     "data": {
      "text/plain": [
       "RangeIndex(start=0, stop=15, step=1)"
      ]
     },
     "execution_count": 22,
     "metadata": {},
     "output_type": "execute_result"
    }
   ],
   "source": [
    "data.index"
   ]
  },
  {
   "cell_type": "code",
   "execution_count": 23,
   "metadata": {},
   "outputs": [
    {
     "data": {
      "text/plain": [
       "pandas.core.series.Series"
      ]
     },
     "execution_count": 23,
     "metadata": {},
     "output_type": "execute_result"
    }
   ],
   "source": [
    "type(data.ix[0])"
   ]
  },
  {
   "cell_type": "code",
   "execution_count": 30,
   "metadata": {},
   "outputs": [
    {
     "data": {
      "text/plain": [
       "<function ndarray.tolist>"
      ]
     },
     "execution_count": 30,
     "metadata": {},
     "output_type": "execute_result"
    }
   ],
   "source": [
    "data.iloc[1].values.tolist"
   ]
  },
  {
   "cell_type": "code",
   "execution_count": 52,
   "metadata": {},
   "outputs": [],
   "source": [
    "loc0=np.array(data.loc[0])"
   ]
  },
  {
   "cell_type": "code",
   "execution_count": 53,
   "metadata": {},
   "outputs": [
    {
     "data": {
      "text/plain": [
       "array([4.28104575e-02, 3.62745098e-02, 3.26797386e-04, 2.61764706e-01,\n",
       "       7.54901961e-02, 4.61111111e-01, 3.26797386e-04, 3.62745098e-02,\n",
       "       3.95424837e-02, 4.60784314e-02])"
      ]
     },
     "execution_count": 53,
     "metadata": {},
     "output_type": "execute_result"
    }
   ],
   "source": [
    "loc0"
   ]
  },
  {
   "cell_type": "code",
   "execution_count": 60,
   "metadata": {},
   "outputs": [
    {
     "data": {
      "text/plain": [
       "0.07570174966099136"
      ]
     },
     "execution_count": 60,
     "metadata": {},
     "output_type": "execute_result"
    }
   ],
   "source": [
    "JS_divergence(np.array(data.loc[0]),np.array(data.loc[14]))"
   ]
  },
  {
   "cell_type": "code",
   "execution_count": 68,
   "metadata": {},
   "outputs": [],
   "source": [
    "datalist=[]"
   ]
  },
  {
   "cell_type": "code",
   "execution_count": null,
   "metadata": {},
   "outputs": [],
   "source": [
    "datailoc"
   ]
  },
  {
   "cell_type": "code",
   "execution_count": 69,
   "metadata": {},
   "outputs": [],
   "source": [
    "for item in range(0,15):\n",
    "    datailoc=[]\n",
    "    locitem1=np.array(data.loc[item])\n",
    "    for item2 in range(0,15):\n",
    "        locitem2=np.array(data.loc[item2])\n",
    "        js_result=JS_divergence(locitem1,locitem2)\n",
    "        datailoc.append(js_result)\n",
    "    datalist.append(datailoc)"
   ]
  },
  {
   "cell_type": "code",
   "execution_count": 70,
   "metadata": {},
   "outputs": [
    {
     "data": {
      "text/plain": [
       "[[0.0,\n",
       "  0.4634886021194683,\n",
       "  0.2404956437535488,\n",
       "  0.2708308807887326,\n",
       "  0.23400853693317608,\n",
       "  0.16123721783281447,\n",
       "  0.04533839251874853,\n",
       "  0.1751529302917246,\n",
       "  0.23594014548576075,\n",
       "  0.2453847822288306,\n",
       "  0.1905238633185325,\n",
       "  0.04606703558637856,\n",
       "  0.2370347595002923,\n",
       "  0.2485964633627838,\n",
       "  0.07570174966099136],\n",
       " [0.4634886021194683,\n",
       "  0.0,\n",
       "  0.5261634261274027,\n",
       "  0.4980618265226921,\n",
       "  0.12972076125222176,\n",
       "  0.38478731299986924,\n",
       "  0.49466775878910374,\n",
       "  0.5219494525478581,\n",
       "  0.38077908251906667,\n",
       "  0.46806716043999685,\n",
       "  0.5737727068193793,\n",
       "  0.42753460258029174,\n",
       "  0.4922480964554693,\n",
       "  0.43352212238235527,\n",
       "  0.5569108429382634],\n",
       " [0.2404956437535488,\n",
       "  0.5261634261274027,\n",
       "  0.0,\n",
       "  0.3106473484710941,\n",
       "  0.23665965217267554,\n",
       "  0.33834439728104515,\n",
       "  0.2234865097670881,\n",
       "  0.0888945001872461,\n",
       "  0.345669840504641,\n",
       "  0.3074823550483966,\n",
       "  0.48050860955365016,\n",
       "  0.2355002173765709,\n",
       "  0.26683085112802496,\n",
       "  0.26658297324585534,\n",
       "  0.3725057730554349],\n",
       " [0.2708308807887326,\n",
       "  0.4980618265226921,\n",
       "  0.3106473484710941,\n",
       "  0.0,\n",
       "  0.3386319632203615,\n",
       "  0.2828315917972635,\n",
       "  0.28638563091057856,\n",
       "  0.2964710573496221,\n",
       "  0.3568596154606889,\n",
       "  0.3151710844257805,\n",
       "  0.5270005570754097,\n",
       "  0.33082925843422106,\n",
       "  0.39084987996229537,\n",
       "  0.20917531287312235,\n",
       "  0.409668460921091],\n",
       " [0.23400853693317608,\n",
       "  0.12972076125222176,\n",
       "  0.23665965217267554,\n",
       "  0.3386319632203615,\n",
       "  0.0,\n",
       "  0.2690068583757026,\n",
       "  0.22481835052804378,\n",
       "  0.2289213736507208,\n",
       "  0.2525445514634318,\n",
       "  0.27359051688888114,\n",
       "  0.4003542543078014,\n",
       "  0.18199297455669095,\n",
       "  0.2581673604771595,\n",
       "  0.25209922599257806,\n",
       "  0.354904869971146],\n",
       " [0.16123721783281447,\n",
       "  0.38478731299986924,\n",
       "  0.33834439728104515,\n",
       "  0.2828315917972635,\n",
       "  0.2690068583757026,\n",
       "  0.0,\n",
       "  0.22415500326819293,\n",
       "  0.1866810061146314,\n",
       "  0.2824197533541768,\n",
       "  0.23097237041691754,\n",
       "  0.5041684354664926,\n",
       "  0.24178938547864037,\n",
       "  0.2749161733401497,\n",
       "  0.25827831895121706,\n",
       "  0.23570162568347888],\n",
       " [0.04533839251874853,\n",
       "  0.49466775878910374,\n",
       "  0.2234865097670881,\n",
       "  0.28638563091057856,\n",
       "  0.22481835052804378,\n",
       "  0.22415500326819293,\n",
       "  0.0,\n",
       "  0.1314293894287074,\n",
       "  0.2789109464677423,\n",
       "  0.1656142357706286,\n",
       "  0.15215619197898572,\n",
       "  0.06371201761902895,\n",
       "  0.14739481965715195,\n",
       "  0.23173757973009673,\n",
       "  0.0885344551391975],\n",
       " [0.1751529302917246,\n",
       "  0.5219494525478581,\n",
       "  0.0888945001872461,\n",
       "  0.2964710573496221,\n",
       "  0.2289213736507208,\n",
       "  0.1866810061146314,\n",
       "  0.1314293894287074,\n",
       "  0.0,\n",
       "  0.3390826296172478,\n",
       "  0.15990320874526748,\n",
       "  0.45313936811535527,\n",
       "  0.20649916889747075,\n",
       "  0.13958319386185797,\n",
       "  0.21916043107640393,\n",
       "  0.2680656326121952],\n",
       " [0.23594014548576075,\n",
       "  0.38077908251906667,\n",
       "  0.345669840504641,\n",
       "  0.3568596154606889,\n",
       "  0.2525445514634318,\n",
       "  0.2824197533541768,\n",
       "  0.2789109464677423,\n",
       "  0.3390826296172478,\n",
       "  0.0,\n",
       "  0.2840046030546813,\n",
       "  0.43330795930951554,\n",
       "  0.17142441910149764,\n",
       "  0.3212162702485146,\n",
       "  0.2846940198275414,\n",
       "  0.34975442087381137],\n",
       " [0.2453847822288306,\n",
       "  0.46806716043999685,\n",
       "  0.3074823550483966,\n",
       "  0.3151710844257805,\n",
       "  0.27359051688888114,\n",
       "  0.23097237041691754,\n",
       "  0.1656142357706286,\n",
       "  0.15990320874526748,\n",
       "  0.2840046030546813,\n",
       "  0.0,\n",
       "  0.4172789757203622,\n",
       "  0.25014297058063173,\n",
       "  0.03777696397779546,\n",
       "  0.3400778317132971,\n",
       "  0.35882970588268337],\n",
       " [0.1905238633185325,\n",
       "  0.5737727068193793,\n",
       "  0.48050860955365016,\n",
       "  0.5270005570754097,\n",
       "  0.4003542543078014,\n",
       "  0.5041684354664926,\n",
       "  0.15215619197898572,\n",
       "  0.45313936811535527,\n",
       "  0.43330795930951554,\n",
       "  0.4172789757203622,\n",
       "  0.0,\n",
       "  0.15560442584478035,\n",
       "  0.35159367056693536,\n",
       "  0.4651526899971037,\n",
       "  0.1274328136599897],\n",
       " [0.04606703558637856,\n",
       "  0.42753460258029174,\n",
       "  0.2355002173765709,\n",
       "  0.33082925843422106,\n",
       "  0.18199297455669095,\n",
       "  0.24178938547864037,\n",
       "  0.06371201761902895,\n",
       "  0.20649916889747075,\n",
       "  0.17142441910149764,\n",
       "  0.25014297058063173,\n",
       "  0.15560442584478035,\n",
       "  0.0,\n",
       "  0.21128222404593494,\n",
       "  0.2620228856764443,\n",
       "  0.09772220730872345],\n",
       " [0.2370347595002923,\n",
       "  0.4922480964554693,\n",
       "  0.26683085112802496,\n",
       "  0.39084987996229537,\n",
       "  0.2581673604771595,\n",
       "  0.2749161733401497,\n",
       "  0.14739481965715195,\n",
       "  0.13958319386185797,\n",
       "  0.3212162702485146,\n",
       "  0.03777696397779546,\n",
       "  0.35159367056693536,\n",
       "  0.21128222404593494,\n",
       "  0.0,\n",
       "  0.3699804609840368,\n",
       "  0.3216394130769104],\n",
       " [0.2485964633627838,\n",
       "  0.43352212238235527,\n",
       "  0.26658297324585534,\n",
       "  0.20917531287312235,\n",
       "  0.25209922599257806,\n",
       "  0.25827831895121706,\n",
       "  0.23173757973009673,\n",
       "  0.21916043107640393,\n",
       "  0.2846940198275414,\n",
       "  0.3400778317132971,\n",
       "  0.4651526899971037,\n",
       "  0.2620228856764443,\n",
       "  0.3699804609840368,\n",
       "  0.0,\n",
       "  0.3172385897930612],\n",
       " [0.07570174966099136,\n",
       "  0.5569108429382634,\n",
       "  0.3725057730554349,\n",
       "  0.409668460921091,\n",
       "  0.354904869971146,\n",
       "  0.23570162568347888,\n",
       "  0.0885344551391975,\n",
       "  0.2680656326121952,\n",
       "  0.34975442087381137,\n",
       "  0.35882970588268337,\n",
       "  0.1274328136599897,\n",
       "  0.09772220730872345,\n",
       "  0.3216394130769104,\n",
       "  0.3172385897930612,\n",
       "  0.0]]"
      ]
     },
     "execution_count": 70,
     "metadata": {},
     "output_type": "execute_result"
    }
   ],
   "source": [
    "datalist"
   ]
  },
  {
   "cell_type": "code",
   "execution_count": 41,
   "metadata": {},
   "outputs": [],
   "source": [
    "q2=np.array([0.1,0.2,0.3,0.4])"
   ]
  },
  {
   "cell_type": "code",
   "execution_count": 42,
   "metadata": {},
   "outputs": [
    {
     "data": {
      "text/plain": [
       "array([0.1, 0.2, 0.3, 0.4])"
      ]
     },
     "execution_count": 42,
     "metadata": {},
     "output_type": "execute_result"
    }
   ],
   "source": [
    "q2"
   ]
  },
  {
   "cell_type": "code",
   "execution_count": 71,
   "metadata": {},
   "outputs": [],
   "source": [
    "reultdata=pd.DataFrame(datalist)"
   ]
  },
  {
   "cell_type": "code",
   "execution_count": 72,
   "metadata": {},
   "outputs": [],
   "source": [
    "reultdata.to_excel('./result/result_1.xls')"
   ]
  },
  {
   "cell_type": "code",
   "execution_count": null,
   "metadata": {},
   "outputs": [],
   "source": []
  }
 ],
 "metadata": {
  "kernelspec": {
   "display_name": "Python 3",
   "language": "python",
   "name": "python3"
  },
  "language_info": {
   "codemirror_mode": {
    "name": "ipython",
    "version": 3
   },
   "file_extension": ".py",
   "mimetype": "text/x-python",
   "name": "python",
   "nbconvert_exporter": "python",
   "pygments_lexer": "ipython3",
   "version": "3.6.1"
  }
 },
 "nbformat": 4,
 "nbformat_minor": 1
}
